136.676
138.118
139.294
140.146
140.902
141.682
142.496
143.425
144.135
144.98
145.653
146.497
147.331
147.95
148.778
149.639
150.32
151.067
151.755
152.482
153.226
154.04
154.76
155.519
156.045
156.865
157.478
158.344
158.91
159.603
160.345
160.941
161.704
162.382
163.06
163.744
164.461
165.064
165.649
166.375
166.954
167.61
168.226
168.864
169.49
170.201
170.841
171.414
172.011
172.635
173.229
173.895
174.51
175.017
175.714
176.189
176.883
177.448
177.962
178.641
179.17
179.706
180.371
180.757
182.348
182.971
183.385
183.999
184.543
185.12
185.592
186.156
186.67
187.207
187.657
188.15
188.6
189.02
189.484
189.876
190.306
190.758
191.222
191.596
192.158
192.465
192.973
193.425
193.818
194.244
194.69
195.114
195.543
195.986
196.417
196.777
197.24
197.662
198.054
198.457
198.905
199.258
199.682
200.123
200.498
200.886
201.359
201.762
202.163
202.543
202.95
203.321
203.781
204.155
204.542
204.903
205.316
205.711
206.135
206.506
206.851
207.262
207.642
208.017
208.419
208.79
209.172
209.485
