1.45331725 1.46727758
1.45346694 1.46755928
1.45361644 1.46784643
1.45376581 1.46813896
1.45391512 1.46843684
1.45406442 1.46874001
1.45421375 1.46904845
1.45436319 1.46936211
1.45451276 1.46968096
1.45466251 1.47000497
1.45481250 1.47033412
1.45496275 1.47066836
1.45511332 1.47100769
1.45526423 1.47135208
1.45541553 1.47170150
1.45556725 1.47205595
1.45571941 1.47241541
1.45587207 1.47277986
1.45602523 1.47314929
1.45617895 1.47352369
1.45633323 1.47390306
1.45648811 1.47428738
1.45664362 1.47467664
1.45679978 1.47507086
1.45695661 1.47547001
1.45711414 1.47587410
1.45727240 1.47628313
1.45743139 1.47669710
1.45759115 1.47711600
1.45775169 1.47753985
1.45791303 1.47796864
1.45807520 1.47840239
1.45823820 1.47884108
1.45840207 1.47928474
1.45856681 1.47973337
1.45873244 1.48018698
1.45889898 1.48064557
1.45906644 1.48110915
1.45923484 1.48157774
1.45940420 1.48205135
1.45957452 1.48252999
1.45974583 1.48301367
1.45991814 1.48350240
1.46009145 1.48399621
1.46026579 1.48449509
1.46044116 1.48499908
1.46061758 1.48550819
1.46079507 1.48602243
1.46097362 1.48654182
1.46115326 1.48706638
1.46133399 1.48759613
1.46151584 1.48813109
1.46169880 1.48867127
1.46188289 1.48921670
1.46206812 1.48976741
1.46225449 1.49032340
1.46244203 1.49088471
1.46263074 1.49145135
1.46282063 1.49202336
1.46301171 1.49260075
1.46320399 1.49318355
1.46339748 1.49377178
1.46359219 1.49436547
1.46378813 1.49496465
1.46398530 1.49556935
1.46418372 1.49617958
1.46438340 1.49679539
1.46458434 1.49741679
1.46478655 1.49804382
1.46499005 1.49867650
1.46519484 1.49931487
1.46540092 1.49995896
1.46560831 1.50060880
1.46581702 1.50126442
1.46602706 1.50192585
1.46623842 1.50259313
1.46645113 1.50326629
1.46666519 1.50394536
1.46688060 1.50463038
1.46709738 1.50532138
1.46731553 1.50601841
1.46753507 1.50672148
1.46775599 1.50743066
1.46797831 1.50814596
1.46820204 1.50886743
1.46842718 1.50959510
1.46865375 1.51032903
1.46888174 1.51106924
1.46911117 1.51181577
1.46934205 1.51256868
1.46957438 1.51332799
1.46980817 1.51409376
1.47004343 1.51486602
1.47028017 1.51564481
1.47051840 1.51643019
1.47075811 1.51722220
1.47099933 1.51802088
1.47124206 1.51882628
1.47148630 1.51963845
1.47173207 1.52045743
1.47197937 1.52128327
1.47222822 1.52211602
1.47247861 1.52295572
1.47273056 1.52380244
1.47298407 1.52465622
1.47323916 1.52551712
1.47349583 1.52638517
1.47375409 1.52726045
1.47401394 1.52814300
1.47427540 1.52903287
1.47453848 1.52993012
1.47480318 1.53083482
1.47506951 1.53174701
1.47533748 1.53266675
1.47560709 1.53359410
1.47587836 1.53452912
1.47615130 1.53547187
1.47642591 1.53642241
1.47670220 1.53738081
1.47698019 1.53834712
1.47725987 1.53932142
1.47754125 1.54030375
1.47782436 1.54129420
1.47810919 1.54229282
1.47839576 1.54329969
1.47868406 1.54431486
1.47897412 1.54533842
1.47926594 1.54637043
1.47955954 1.54741095
1.47985491 1.54846008
1.48015207 1.54951786
1.48045103 1.55058439
1.48075179 1.55165974
1.48105438 1.55274397
1.48135879 1.55383718
1.48166503 1.55493943
1.48197312 1.55605081
1.48228307 1.55717140
1.48259488 1.55830128
1.48290857 1.55944053
1.48322414 1.56058924
1.48354161 1.56174749
1.48386099 1.56291536
1.48418227 1.56409296
1.48450549 1.56528036
1.48483064 1.56647765
1.48515774 1.56768493
1.48548679 1.56890229
1.48581782 1.57012983
1.48615082 1.57136764
1.48648581 1.57261581
1.48682280 1.57387445
1.48716180 1.57514366
1.48750283 1.57642353
1.48784589 1.57771417
1.48819099 1.57901569
1.48853815 1.58032819
1.48888738 1.58165178
1.48923868 1.58298657
1.48959208 1.58433266
1.48994758 1.58569018
1.49030520 1.58705923
1.49066494 1.58843993
1.49102682 1.58983240
1.49139085 1.59123676
1.49175705 1.59265313
1.49212542 1.59408163
1.49249598 1.59552239
1.49286874 1.59697553
1.49324371 1.59844119
1.49362091 1.59991949
1.49400035 1.60141057
1.49438205 1.60291456
1.49476601 1.60443160
1.49515225 1.60596184
1.49554079 1.60750540
1.49593163 1.60906243
1.49632479 1.61063309
1.49672029 1.61221751
1.49711814 1.61381585
1.49751835 1.61542827
1.49792094 1.61705491
1.49832592 1.61869593
1.49873331 1.62035151
1.49914312 1.62202179
1.49955537 1.62370695
1.49997007 1.62540715
1.50038723 1.62712257
1.50080688 1.62885337
1.50122903 1.63059974
1.50165370 1.63236186
1.50208089 1.63413991
1.50251063 1.63593407
1.50294293 1.63774453
1.50337781 1.63957149
1.50381529 1.64141515
1.50425538 1.64327569
1.50469809 1.64515333
1.50514346 1.64704827
1.50559149 1.64896071
1.50604220 1.65089087
1.50649561 1.65283898
1.50695173 1.65480524
1.50741060 1.65678988
1.50787221 1.65879313
1.50833660 1.66081522
1.50880377 1.66285639
1.50927376 1.66491688
1.50974658 1.66699694
1.51022224 1.66909680
1.51070077 1.67121673
1.51118219 1.67335699
1.51166651 1.67551783
1.51215376 1.67769952
1.51264396 1.67990234
1.51313713 1.68212657
1.51363329 1.68437248
1.51413246 1.68664036
1.51463465 1.68893052
1.51513991 1.69124323
1.51564823 1.69357882
1.51615966 1.69593759
1.51667420 1.69831985
1.51719189 1.70072593
1.51771274 1.70315616
1.51823677 1.70561086
1.51876402 1.70809038
1.51929451 1.71059508
1.51982825 1.71312529
1.52036528 1.71568139
1.52090561 1.71826373
1.52144928 1.72087270
1.52199631 1.72350868
1.52254671 1.72617206
1.52310053 1.72886323
1.52365778 1.73158261
1.52421849 1.73433061
1.52478270 1.73710764
1.52535041 1.73991415
1.52592167 1.74275057
1.52649649 1.74561735
1.52707492 1.74851495
1.52765697 1.75144384
1.52824267 1.75440449
1.52883206 1.75739740
1.52942516 1.76042306
1.53002200 1.76348199
1.53062262 1.76657470
1.53122704 1.76970171
1.53183529 1.77286359
1.53244741 1.77606087
1.53306343 1.77929413
1.53368337 1.78256395
1.53430728 1.78587091
1.53493518 1.78921563
1.53556711 1.79259871
1.53620310 1.79602080
1.53684319 1.79948253
1.53748740 1.80298457
1.53813579 1.80652760
1.53878837 1.81011231
1.53944519 1.81373940
1.54010628 1.81740960
1.54077169 1.82112365
1.54144144 1.82488231
1.54211558 1.82868635
1.54279414 1.83253657
1.54347716 1.83643378
1.54416469 1.84037882
1.54485676 1.84437254
1.54555342 1.84841580
1.54625469 1.85250952
1.54696064 1.85665460
1.54767129 1.86085198
1.54838670 1.86510263
1.54910690 1.86940754
1.54983194 1.87376772
1.55056186 1.87818420
1.55129671 1.88265805
1.55203654 1.88719037
1.55278139 1.89178226
1.55353130 1.89643489
1.55428633 1.90114943
1.55504653 1.90592710
1.55581194 1.91076912
1.55658262 1.91567678
1.55735861 1.92065140
1.55813997 1.92569431
1.55892675 1.93080689
1.55971900 1.93599057
1.56051678 1.94124681
1.56132013 1.94657710
1.56212912 1.95198299
1.56294380 1.95746606
1.56376424 1.96302794
1.56459047 1.96867031
1.56542258 1.97439489
1.56626061 1.98020346
1.56710462 1.98609784
1.56795468 1.99207991
1.56881085 1.99815161
1.56967319 2.00431494
1.57054177 2.01057194
1.57141665 2.01692474
1.57229791 2.02337551
1.57318559 2.02992649
1.57407978 2.03658002
1.57498055 2.04333846
1.57588796 2.05020430
1.57680209 2.05718007
1.57772300 2.06426840
1.57865078 2.07147199
1.57958550 2.07879363
1.58052724 2.08623623
1.58147606 2.09380276
1.58243206 2.10149629
1.58339531 2.10932003
1.58436589 2.11727725
1.58534389 2.12537137
1.58632939 2.13360591
1.58732248 2.14198452
1.58832324 2.15051095
1.58933177 2.15918913
1.59034814 2.16802309
1.59137246 2.17701703
1.59240482 2.18617529
1.59344531 2.19550236
1.59449403 2.20500292
1.59555107 2.21468180
1.59661655 2.22454402
1.59769055 2.23459481
1.59877318 2.24483957
1.59986455 2.25528393
1.60096476 2.26593372
1.60207392 2.27679502
1.60319215 2.28787414
1.60431956 2.29917766
1.60545625 2.31071240
1.60660236 2.32248548
1.60775799 2.33450431
1.60892328 2.34677661
1.61009833 2.35931044
1.61128328 2.37211418
1.61247826 2.38519658
1.61368340 2.39856679
1.61489883 2.41223435
1.61612468 2.42620922
1.61736110 2.44050183
1.61860822 2.45512307
1.61986620 2.47008433
1.62113516 2.48539755
1.62241527 2.50107523
1.62370668 2.51713046
1.62500954 2.53357696
1.62632401 2.55042915
1.62765024 2.56770213
1.62898841 2.58541178
1.63033869 2.60357480
1.63170124 2.62220872
1.63307623 2.64133201
1.63446385 2.66096411
1.63586428 2.68112550
1.63727771 2.70183777
1.63870431 2.72312371
1.64014430 2.74500739
1.64159785 2.76751421
1.64306518 2.79067106
1.64454649 2.81450639
1.64604200 2.83905034
1.64755190 2.86433483
1.64907643 2.89039377
1.65061581 2.91726314
1.65217027 2.94498118
1.65374004 2.97358859
1.65532536 3.00312870
1.65692647 3.03364769
1.65854363 3.06519486
1.66017709 3.09782286
1.66182710 3.13158799
1.66349395 3.16655053
1.66517790 3.20277509
1.66687922 3.24033101
1.66859822 3.27929282
1.67033517 3.31974067
1.67209038 3.36176094
1.67386416 3.40544685
1.67565681 3.45089910
1.67746867 3.49822667
1.67930005 3.54754771
1.68115130 3.59899046
1.68302276 3.65269443
1.68491478 3.70881161
1.68682773 3.76750791
1.68876198 3.82896478
1.69071791 3.89338112
1.69269590 3.96097538
1.69469637 4.03198803
1.69671971 4.10668440
1.69876635 4.18535804
1.70083672 4.26833447
