0.840573
0.834978
0.829447
0.823871
0.818403
0.812881
0.807379
0.801875
0.796406
0.790917
0.785503
0.780038
0.774587
0.769202
0.763735
0.758363
0.752974
0.747595
0.742257
0.736892
0.731523
0.726179
0.720891
0.71559
0.710244
0.704955
0.699673
0.694383
0.689079
0.6839
0.678606
0.673406
0.668122
0.662913
0.657688
0.652536
0.647355
0.642174
0.636944
0.631825
0.626669
0.621472
0.61638
0.611254
0.606124
0.601012
0.595923
0.590796
0.58575
0.580697
0.575573
0.570544
0.565504
0.560403
0.555379
0.55034
0.545344
0.540337
0.535302
0.53037
0.525352
0.520327
0.515385
0.510427
0.496984
0.492028
0.487101
0.482194
0.477312
0.472371
0.467482
0.462586
0.457672
0.452839
0.447994
0.443138
0.438279
0.433439
0.428654
0.423747
0.418949
0.414189
0.409356
0.404578
0.399795
0.39502
0.390221
0.385509
0.380727
0.375981
0.371263
0.366489
0.361777
0.357057
0.352347
0.347709
0.342985
0.338309
0.333635
0.328973
0.324331
0.319717
0.31499
0.310445
0.305763
0.301186
0.296567
0.291995
0.287386
0.282844
0.278282
0.273734
0.269181
0.264603
0.260124
0.255614
0.251086
0.246589
0.242151
0.237662
0.233183
0.228749
0.224337
0.219897
0.215427
0.211015
0.206667
0.202267
